s -180 180 -70 70 0 1 
s -180 180 -50 50 0 1 
s -180 180 -30 30 0 1 
s -180 180 -10 10 0 1 
s -180 180 10 -10 0 1 
s -180 180 30 -30 0 1 
s -180 180 50 -50 0 1 
s -180 180 70 -70 0 1 
s -180 180 70 -70 0 1 
s -180 180 50 -50 0 1 
s -180 180 30 -30 0 1 
s -180 180 10 -10 0 1 
s -180 180 -10 10 0 1 
s -180 180 -30 30 0 1 
s -180 180 -50 50 0 1 
s -180 180 -70 70 0 1 
u 0 180 10 70 0 1 
u 0 180 -10 70 0 1 
u 0 180 10 50 0 1 
u 0 180 -10 50 0 1 
u 0 180 10 30 0 1 
u 0 180 -10 30 0 1 
u 0 180 10 10 0 1 
u 0 180 -10 10 0 1 
u 0 180 10 -10 0 1 
u 0 180 -10 -10 0 1 
u 0 180 10 -30 0 1 
u 0 180 -10 -30 0 1 
u 0 180 10 -50 0 1 
u 0 180 -10 -50 0 1 
u 0 180 10 -70 0 1 
u 0 180 -10 -70 0 1 
